0 0.502313 0.091462 0.965108 0.037830
0 0.502313 0.159663 0.965108 0.043409
0 0.502313 0.386566 0.965108 0.026670
0 0.502313 0.194103 0.965108 0.046283
0 0.502313 0.449058 0.965108 0.044995
0 0.502313 0.265461 0.965108 0.044500
0 0.502313 0.411695 0.965108 0.046977
0 0.502313 0.594103 0.965108 0.046482
0 0.502313 0.485679 0.965108 0.047076
0 0.502313 0.665709 0.965108 0.043806
0 0.502313 0.522498 0.965108 0.043211
0 0.502313 0.558375 0.965108 0.044797
0 0.502313 0.629187 0.965108 0.043310
0 0.502313 0.700743 0.965108 0.043508
0 0.502313 0.736521 0.965108 0.045292
0 0.502313 0.773290 0.965108 0.043112
0 0.502313 0.809316 0.965108 0.044400
0 0.502313 0.845391 0.965108 0.042418
0 0.502313 0.881204 0.965108 0.045263
0 0.502313 0.952676 0.965108 0.045491
0 0.502313 0.044054 0.965108 0.037760
