0 0.498617 0.076251 0.962745 0.031419
0 0.498617 0.131419 0.962745 0.032486
0 0.498617 0.159352 0.962745 0.034372
0 0.498617 0.222888 0.962745 0.033142
0 0.498617 0.249590 0.962745 0.036177
0 0.498617 0.312469 0.962745 0.031337
0 0.498617 0.340185 0.962745 0.036399
0 0.498617 0.404963 0.962745 0.028630
0 0.498617 0.431829 0.962745 0.036916
0 0.498617 0.493109 0.962745 0.035111
0 0.498617 0.589500 0.962745 0.022313
0 0.498617 0.611731 0.962745 0.034126
0 0.498617 0.641345 0.962745 0.034783
0 0.498617 0.670960 0.962745 0.034454
0 0.498617 0.700943 0.962745 0.035685
0 0.500201 0.732199 0.962745 0.033716
0 0.498617 0.761075 0.962745 0.036833
0 0.498617 0.791427 0.962745 0.035029
0 0.498617 0.820837 0.962745 0.034619
0 0.498617 0.851432 0.962745 0.032970
0 0.498617 0.881419 0.962745 0.034701
0 0.498617 0.912346 0.962745 0.034537
0 0.498617 0.942002 0.962745 0.033798
0 0.498617 0.973052 0.962745 0.035357
0 0.498617 0.038991 0.962745 0.031780
