0 0.499424 0.072957 0.959890 0.026913
0 0.499424 0.139713 0.959890 0.023161
0 0.499424 0.176243 0.959890 0.030508
0 0.499424 0.241659 0.959890 0.024630
0 0.499424 0.446160 0.959890 0.023946
0 0.499424 0.276109 0.959890 0.025601
0 0.499424 0.344584 0.959890 0.027246
0 0.499424 0.579159 0.959890 0.025231
0 0.499424 0.479067 0.959890 0.027264
0 0.499424 0.649076 0.959890 0.029205
0 0.499424 0.513309 0.959890 0.027357
0 0.499424 0.546442 0.959890 0.026525
0 0.499424 0.612292 0.959890 0.025323
0 0.499424 0.680083 0.959890 0.025231
0 0.499424 0.715157 0.959890 0.025323
0 0.499424 0.748845 0.959890 0.025786
0 0.499424 0.782856 0.959890 0.026525
0 0.499424 0.816636 0.959890 0.025693
0 0.499424 0.850892 0.959890 0.023170
0 0.499424 0.884889 0.959890 0.024677
0 0.499424 0.952763 0.959890 0.026266
0 0.499424 0.042052 0.959890 0.033826
