0 0.497478 0.065592 0.957369 0.023218
0 0.497478 0.099566 0.957369 0.026371
0 0.497478 0.166670 0.957369 0.025616
0 0.497478 0.133074 0.957369 0.026763
0 0.497478 0.265112 0.957369 0.028172
0 0.497478 0.360550 0.957369 0.022481
0 0.497478 0.395625 0.957369 0.025168
0 0.497478 0.428437 0.957369 0.025028
0 0.497478 0.461535 0.957369 0.025438
0 0.497478 0.493801 0.957369 0.025830
0 0.497478 0.526880 0.957369 0.025718
0 0.497478 0.560294 0.957369 0.023815
0 0.497478 0.593246 0.957369 0.025261
0 0.497478 0.626371 0.957369 0.027108
0 0.497478 0.658111 0.957369 0.024636
0 0.497478 0.724216 0.957369 0.023955
0 0.497478 0.692817 0.957369 0.028545
0 0.497478 0.756227 0.957369 0.024674
0 0.497478 0.198563 0.957369 0.025821
0 0.497478 0.789622 0.957369 0.025793
0 0.497478 0.823060 0.957369 0.023284
0 0.497478 0.855574 0.957369 0.024487
0 0.497478 0.888694 0.957369 0.025597
0 0.497478 0.956250 0.957369 0.029664
0 0.497478 0.036287 0.957369 0.030970
