0 0.498400 0.086261 0.968457 0.036155
0 0.498400 0.142432 0.968457 0.044501
0 0.498400 0.192341 0.968457 0.041554
0 0.498400 0.241927 0.968457 0.040868
0 0.498400 0.393663 0.968457 0.041534
0 0.498400 0.291266 0.968457 0.041483
0 0.498400 0.344223 0.968457 0.040716
0 0.498400 0.596130 0.968457 0.042250
0 0.498400 0.443769 0.968457 0.042432
0 0.498400 0.696635 0.968457 0.041443
0 0.498400 0.494571 0.968457 0.041534
0 0.498400 0.545464 0.968457 0.042270
0 0.498400 0.646347 0.968457 0.040706
0 0.498400 0.746065 0.968457 0.041271
0 0.498400 0.794248 0.968457 0.045812
0 0.498400 0.846993 0.968457 0.043653
0 0.498400 0.950298 0.968457 0.045923
0 0.498400 0.042836 0.968457 0.046115
