0 0.503904 0.096234 0.966801 0.042526
0 0.503904 0.178100 0.966801 0.044264
0 0.503904 0.517092 0.966801 0.048783
0 0.503904 0.217961 0.966801 0.051448
0 0.503904 0.442410 0.966801 0.033140
0 0.503904 0.305620 0.966801 0.051333
0 0.503904 0.557474 0.966801 0.049363
0 0.503904 0.643337 0.966801 0.049826
0 0.503904 0.600637 0.966801 0.049710
0 0.503904 0.728795 0.966801 0.049479
0 0.503904 0.475145 0.966801 0.051333
0 0.503904 0.685863 0.966801 0.049594
0 0.503904 0.770973 0.966801 0.049247
0 0.503904 0.812457 0.966801 0.048088
0 0.503904 0.856257 0.966801 0.052491
0 0.503904 0.943441 0.966801 0.049340
0 0.503904 0.043621 0.966801 0.047636
