0 0.500754 0.088397 0.966021 0.033695
0 0.500754 0.143319 0.966021 0.043754
0 0.500754 0.340405 0.966021 0.040524
0 0.500754 0.193361 0.966021 0.042837
0 0.500754 0.242801 0.966021 0.045745
0 0.500754 0.291836 0.966021 0.042551
0 0.500754 0.389726 0.966021 0.041764
0 0.500754 0.538689 0.966021 0.042050
0 0.500754 0.490340 0.966021 0.045304
0 0.500754 0.639327 0.966021 0.042205
0 0.500754 0.440673 0.966021 0.043802
0 0.500754 0.588921 0.966021 0.042896
0 0.500754 0.689994 0.966021 0.041704
0 0.500754 0.740161 0.966021 0.043159
0 0.500754 0.790411 0.966021 0.044684
0 0.500754 0.839148 0.966021 0.040179
0 0.500754 0.940083 0.966021 0.043552
0 0.500754 0.049654 0.966021 0.040858
