0 0.500697 0.066480 0.964343 0.023047
0 0.500697 0.100882 0.964343 0.023308
0 0.500697 0.135612 0.964343 0.023279
0 0.500697 0.169412 0.964343 0.024725
0 0.500697 0.272715 0.964343 0.029884
0 0.500697 0.373587 0.964343 0.026596
0 0.500697 0.407637 0.964343 0.025419
0 0.500697 0.443192 0.964343 0.024127
0 0.500697 0.475603 0.964343 0.026037
0 0.500697 0.509306 0.964343 0.024976
0 0.500697 0.543539 0.964343 0.025940
0 0.500697 0.580174 0.964343 0.027695
0 0.500697 0.611909 0.964343 0.024783
0 0.500697 0.646384 0.964343 0.025265
0 0.500697 0.680039 0.964343 0.023915
0 0.500697 0.714802 0.964343 0.025362
0 0.500697 0.748409 0.964343 0.024301
0 0.500697 0.782353 0.964343 0.024687
0 0.500697 0.816876 0.964343 0.025072
0 0.500697 0.851109 0.964343 0.027772
0 0.500697 0.885005 0.964343 0.026519
0 0.500697 0.203520 0.964343 0.027097
0 0.500697 0.955188 0.964343 0.027907
0 0.500697 0.035526 0.964343 0.033790
