0 0.500798 0.060312 0.964988 0.022526
0 0.500798 0.099767 0.964988 0.031780
0 0.500798 0.133038 0.964988 0.031407
0 0.500798 0.165657 0.964988 0.031780
0 0.500798 0.361990 0.964988 0.031659
0 0.500798 0.230424 0.964988 0.032535
0 0.500798 0.325503 0.964988 0.025228
0 0.500798 0.494702 0.964988 0.031286
0 0.500798 0.395098 0.964988 0.033476
0 0.500798 0.560224 0.964988 0.029786
0 0.500798 0.428896 0.964988 0.031678
0 0.500798 0.461701 0.964988 0.030559
0 0.500798 0.527209 0.964988 0.030951
0 0.500798 0.593206 0.964988 0.031668
0 0.500798 0.626198 0.964988 0.029804
0 0.500798 0.659091 0.964988 0.031864
0 0.500798 0.691519 0.964988 0.030755
0 0.500798 0.724604 0.964988 0.031128
0 0.500798 0.757777 0.964988 0.030764
0 0.500798 0.790778 0.964988 0.031118
0 0.500798 0.823700 0.964988 0.031258
0 0.500798 0.856580 0.964988 0.029618
0 0.500798 0.889674 0.964988 0.030158
0 0.500798 0.957782 0.964988 0.033364
0 0.500798 0.037325 0.964988 0.033458
