0 0.502873 0.083081 0.967742 0.023129
0 0.502873 0.110010 0.967742 0.037707
0 0.502873 0.178474 0.967742 0.037804
0 0.502873 0.145141 0.967742 0.037026
0 0.502873 0.282750 0.967742 0.038776
0 0.502873 0.212925 0.967742 0.037318
0 0.502873 0.248737 0.967742 0.037998
0 0.502873 0.524295 0.967742 0.037707
0 0.502873 0.386006 0.967742 0.036929
0 0.502873 0.626239 0.967742 0.038484
0 0.502873 0.317833 0.967742 0.038192
0 0.502873 0.497619 0.967742 0.024587
0 0.502873 0.557823 0.967742 0.036540
0 0.502873 0.765355 0.967742 0.037026
0 0.502873 0.592323 0.967742 0.038095
0 0.502873 0.661273 0.967742 0.037804
0 0.502873 0.695238 0.967742 0.038873
0 0.502873 0.731293 0.967742 0.040039
0 0.502873 0.798834 0.967742 0.035957
0 0.502873 0.970603 0.967742 0.039553
0 0.502873 0.832896 0.967742 0.038970
0 0.502873 0.902089 0.967742 0.039553
0 0.502873 0.867201 0.967742 0.039553
0 0.502873 0.040282 0.967742 0.031390
