0 0.500844 0.065876 0.960993 0.024502
0 0.500844 0.107022 0.960993 0.033964
0 0.500844 0.142794 0.960993 0.032938
0 0.500844 0.177126 0.960993 0.032998
0 0.500844 0.387151 0.960993 0.035458
0 0.500844 0.247993 0.960993 0.033496
0 0.500844 0.345941 0.960993 0.027659
0 0.500844 0.528511 0.960993 0.034612
0 0.500844 0.422844 0.960993 0.032998
0 0.500844 0.598307 0.960993 0.033665
0 0.500844 0.458571 0.960993 0.032859
0 0.500844 0.493401 0.960993 0.032122
0 0.500844 0.563655 0.960993 0.033048
0 0.500844 0.634009 0.960993 0.032978
0 0.500844 0.670159 0.960993 0.034183
0 0.500844 0.706429 0.960993 0.038137
0 0.500844 0.739178 0.960993 0.033596
0 0.500844 0.774731 0.960993 0.034402
0 0.500844 0.810403 0.960993 0.033974
0 0.500844 0.845558 0.960993 0.033187
0 0.500844 0.882316 0.960993 0.036962
0 0.500844 0.953526 0.960993 0.038765
0 0.500844 0.040936 0.960993 0.032869
