0 0.495057 0.072310 0.964417 0.024162
0 0.495057 0.105931 0.964417 0.032050
0 0.495057 0.215453 0.964417 0.034651
0 0.495057 0.142352 0.964417 0.032466
0 0.495057 0.330146 0.964417 0.028783
0 0.495057 0.363476 0.964417 0.034547
0 0.497037 0.398959 0.964417 0.032466
0 0.495057 0.545838 0.964417 0.033403
0 0.495057 0.472373 0.964417 0.033195
0 0.495057 0.654735 0.964417 0.035172
0 0.495057 0.435224 0.964417 0.034443
0 0.495057 0.509053 0.964417 0.034547
0 0.495057 0.582362 0.964417 0.035692
0 0.495057 0.803226 0.964417 0.035796
0 0.495057 0.618887 0.964417 0.034860
0 0.495057 0.692196 0.964417 0.033715
0 0.495057 0.728668 0.964417 0.035692
0 0.495057 0.765713 0.964417 0.034235
0 0.495057 0.876275 0.964417 0.034547
0 0.495057 0.948907 0.964417 0.034131
0 0.495057 0.839542 0.964417 0.033715
0 0.495057 0.031009 0.964417 0.034027
