0 0.501075 0.079902 0.962253 0.034528
0 0.501075 0.129182 0.962253 0.037028
0 0.501075 0.177650 0.962253 0.038479
0 0.501075 0.226676 0.962253 0.037661
0 0.501075 0.274493 0.962253 0.040415
0 0.501075 0.323347 0.962253 0.041094
0 0.501075 0.371273 0.962253 0.040864
0 0.501075 0.419764 0.962253 0.037892
0 0.501075 0.467028 0.962253 0.038756
0 0.501075 0.515524 0.962253 0.034850
0 0.501075 0.563502 0.962253 0.034516
0 0.501075 0.612465 0.962253 0.036129
0 0.501075 0.659908 0.962253 0.036636
0 0.501075 0.709222 0.962253 0.040311
0 0.501075 0.757748 0.962253 0.039113
0 0.501075 0.805495 0.962253 0.039931
0 0.501075 0.851094 0.962253 0.035369
0 0.501075 0.949078 0.962253 0.041014
0 0.501075 0.037892 0.962253 0.040346
