0 0.499625 0.073002 0.960430 0.026586
0 0.499625 0.129660 0.960430 0.029385
0 0.499625 0.158252 0.960430 0.032201
0 0.499625 0.218042 0.960430 0.028803
0 0.499625 0.246707 0.960430 0.034029
0 0.499625 0.308212 0.960430 0.026780
0 0.499625 0.336934 0.960430 0.031472
0 0.499625 0.397718 0.960430 0.027314
0 0.499625 0.426497 0.960430 0.032929
0 0.499625 0.486748 0.960430 0.027217
0 0.499625 0.515413 0.960430 0.032120
0 0.499625 0.574231 0.960430 0.031634
0 0.499625 0.669284 0.960430 0.021901
0 0.499625 0.692516 0.960430 0.029854
0 0.499625 0.722047 0.960430 0.031149
0 0.499625 0.751659 0.960430 0.031634
0 0.499625 0.781189 0.960430 0.030502
0 0.499625 0.810761 0.960430 0.030097
0 0.499625 0.840413 0.960430 0.030178
0 0.499625 0.870955 0.960430 0.032848
0 0.499625 0.900971 0.960430 0.031553
0 0.499625 0.930663 0.960430 0.030097
0 0.499625 0.961529 0.960430 0.031311
0 0.499625 0.036448 0.960430 0.026780
