0 0.495704 0.075913 0.967632 0.023197
0 0.495704 0.100326 0.967632 0.037745
0 0.495704 0.165890 0.967632 0.038583
0 0.495704 0.132898 0.967632 0.038956
0 0.495704 0.263001 0.967632 0.039515
0 0.495704 0.371994 0.967632 0.022460
0 0.495704 0.394688 0.967632 0.040634
0 0.495704 0.427726 0.967632 0.042404
0 0.495704 0.461230 0.967632 0.041379
0 0.495704 0.495294 0.967632 0.038490
0 0.495704 0.526980 0.967632 0.042591
0 0.495704 0.560112 0.967632 0.041566
0 0.495704 0.592311 0.967632 0.041100
0 0.495704 0.626375 0.967632 0.042125
0 0.495704 0.659040 0.967632 0.040168
0 0.495704 0.724324 0.967632 0.042125
0 0.495704 0.691799 0.967632 0.039329
0 0.495704 0.758295 0.967632 0.042218
0 0.495704 0.198183 0.967632 0.038117
0 0.495704 0.790699 0.967632 0.041044
0 0.495704 0.824599 0.967632 0.040624
0 0.495704 0.856962 0.967632 0.039925
0 0.495704 0.890075 0.967632 0.039422
0 0.495704 0.954879 0.967632 0.040233
0 0.495704 0.033038 0.967632 0.033830
