0 0.503295 0.066911 0.452918 0.023707
0 0.503295 0.120695 0.900050 0.024247
0 0.503295 0.320849 0.963732 0.023475
0 0.503295 0.149807 0.963732 0.022857
0 0.503295 0.235019 0.963732 0.024942
0 0.503295 0.206255 0.963732 0.022394
0 0.503295 0.378151 0.963732 0.020687
0 0.503295 0.548008 0.080835 0.022595
0 0.503295 0.405097 0.963732 0.023629
0 0.503295 0.575946 0.963732 0.023707
0 0.503295 0.293529 0.963732 0.018039
0 0.503295 0.462819 0.963732 0.025097
0 0.503295 0.604208 0.963732 0.023707
0 0.503295 0.632278 0.963732 0.022239
0 0.503295 0.660656 0.963732 0.023243
0 0.503295 0.689498 0.963732 0.024247
0 0.503295 0.718359 0.963732 0.023282
0 0.503295 0.746556 0.963732 0.024849
0 0.503295 0.774015 0.963732 0.022008
0 0.503295 0.802278 0.963732 0.022471
0 0.503295 0.830749 0.963732 0.024587
0 0.503295 0.858571 0.963732 0.023861
0 0.503295 0.886332 0.963732 0.023166
0 0.503295 0.915714 0.963732 0.024015
0 0.503295 0.971463 0.963732 0.026324
0 0.503295 0.036641 0.963732 0.024633
