0 0.504238 0.079111 0.973425 0.027144
0 0.504238 0.120763 0.973425 0.031959
0 0.504238 0.200669 0.973425 0.032337
0 0.504238 0.160641 0.973425 0.030724
0 0.504238 0.279103 0.973425 0.032667
0 0.504238 0.315759 0.973425 0.034729
0 0.504238 0.356676 0.973425 0.031731
0 0.504238 0.397919 0.973425 0.035161
0 0.504238 0.434654 0.973425 0.034548
0 0.504238 0.474772 0.973425 0.032832
0 0.504238 0.555362 0.973425 0.037191
0 0.504238 0.670059 0.973425 0.027939
0 0.504238 0.711200 0.973425 0.030629
0 0.504238 0.750460 0.973425 0.033619
0 0.504238 0.790452 0.973425 0.032313
0 0.504238 0.868529 0.973425 0.033202
0 0.504238 0.828592 0.973425 0.032667
0 0.504238 0.948753 0.973425 0.039552
0 0.504238 0.240157 0.973425 0.032195
0 0.504238 0.044465 0.973425 0.037427
