0 0.497998 0.078064 0.970546 0.023734
0 0.497998 0.106802 0.970546 0.034459
0 0.497998 0.140914 0.970546 0.035750
0 0.497998 0.175174 0.970546 0.036147
0 0.497998 0.359186 0.970546 0.027388
0 0.497998 0.386743 0.970546 0.037637
0 0.497998 0.422443 0.970546 0.034359
0 0.497998 0.458441 0.970546 0.037041
0 0.497998 0.491460 0.970546 0.036743
0 0.497998 0.526663 0.970546 0.037438
0 0.497998 0.562016 0.970546 0.037438
0 0.497998 0.597766 0.970546 0.037239
0 0.497998 0.633481 0.970546 0.035978
0 0.497998 0.668620 0.970546 0.036346
0 0.497998 0.702880 0.970546 0.035750
0 0.497998 0.738133 0.970546 0.033764
0 0.497998 0.773784 0.970546 0.036346
0 0.497998 0.808838 0.970546 0.035750
0 0.497998 0.844141 0.970546 0.036048
0 0.497998 0.879608 0.970546 0.036077
0 0.497998 0.948818 0.970546 0.037061
0 0.497998 0.247115 0.970546 0.037229
0 0.497998 0.036584 0.970546 0.034796
