0 0.503185 0.062653 0.959529 0.021339
0 0.503185 0.121371 0.959529 0.021935
0 0.503185 0.154262 0.959529 0.025669
0 0.503185 0.209625 0.959529 0.020750
0 0.503185 0.242363 0.959529 0.025919
0 0.503185 0.299294 0.959529 0.019960
0 0.503185 0.331036 0.959529 0.025508
0 0.503185 0.390113 0.529338 0.022355
0 0.503185 0.419190 0.959529 0.021621
0 0.503185 0.477298 0.959529 0.021532
0 0.503185 0.507855 0.959529 0.022355
0 0.503185 0.568444 0.959529 0.026339
0 0.503185 0.653331 0.959529 0.020210
0 0.503185 0.685294 0.959529 0.024089
0 0.503185 0.714504 0.959529 0.023734
0 0.503185 0.744173 0.959529 0.023427
0 0.503185 0.774798 0.959529 0.026532
0 0.503185 0.803456 0.959529 0.022121
0 0.503185 0.834560 0.959529 0.026202
0 0.503185 0.862935 0.959529 0.024129
0 0.503185 0.892669 0.959529 0.024661
0 0.503185 0.922024 0.959529 0.023048
0 0.503185 0.951839 0.959529 0.023097
0 0.503185 0.036028 0.959529 0.024395
