0 0.497733 0.068415 0.963526 0.026260
0 0.497733 0.125528 0.963526 0.026667
0 0.497733 0.154634 0.963526 0.028293
0 0.497733 0.213537 0.963526 0.028699
0 0.497733 0.242439 0.963526 0.028455
0 0.497733 0.303943 0.963526 0.027073
0 0.497733 0.332439 0.963526 0.028130
0 0.497733 0.485699 0.963526 0.020634
0 0.497733 0.392195 0.963526 0.028455
0 0.497733 0.512317 0.963526 0.029024
0 0.497985 0.542602 0.963526 0.028293
0 0.497733 0.572154 0.963526 0.027236
0 0.498413 0.601382 0.963526 0.028293
0 0.497733 0.630528 0.963526 0.027724
0 0.497733 0.660691 0.963526 0.028049
0 0.497733 0.689715 0.963526 0.027724
0 0.497733 0.719715 0.963526 0.029024
0 0.497733 0.749065 0.963526 0.029187
0 0.497733 0.779228 0.963526 0.030976
0 0.497733 0.808821 0.963526 0.028699
0 0.497733 0.838049 0.963526 0.027805
0 0.497733 0.868252 0.963526 0.028374
0 0.497733 0.898699 0.963526 0.028943
0 0.497733 0.957825 0.963526 0.030285
0 0.497733 0.035715 0.963526 0.029057
