0 0.500149 0.085117 0.957519 0.025723
0 0.500149 0.117660 0.957519 0.037447
0 0.500149 0.155319 0.957519 0.038298
0 0.500149 0.192713 0.957519 0.037553
0 0.500149 0.230745 0.957519 0.036596
0 0.500149 0.268511 0.957519 0.038298
0 0.500149 0.342447 0.957519 0.037021
0 0.500149 0.494548 0.957519 0.039309
0 0.500149 0.459947 0.957519 0.032234
0 0.500149 0.530638 0.957519 0.036383
0 0.500149 0.568670 0.957519 0.038617
0 0.500149 0.606543 0.957519 0.036702
0 0.500149 0.643138 0.957519 0.038404
0 0.500149 0.681596 0.957519 0.037021
0 0.500149 0.719521 0.957519 0.039468
0 0.500149 0.758298 0.957519 0.039574
0 0.500149 0.794840 0.957519 0.035213
0 0.500149 0.834415 0.957519 0.038404
0 0.500149 0.871330 0.957519 0.038617
0 0.500149 0.945638 0.957519 0.037660
0 0.500149 0.040691 0.957519 0.038830
