0 0.497982 0.075895 0.967407 0.025739
0 0.497982 0.142656 0.967407 0.032977
0 0.497982 0.177870 0.967407 0.031809
0 0.497982 0.248152 0.967407 0.031518
0 0.497982 0.283560 0.967407 0.032685
0 0.497982 0.355107 0.967407 0.030642
0 0.497982 0.466921 0.967407 0.025088
0 0.497982 0.498930 0.967407 0.032490
0 0.497982 0.535117 0.967407 0.031128
0 0.497982 0.570866 0.967407 0.032588
0 0.497982 0.606031 0.967407 0.030156
0 0.497982 0.641829 0.967407 0.031518
0 0.497982 0.678298 0.967407 0.032471
0 0.497982 0.712500 0.967407 0.031420
0 0.497982 0.748541 0.967407 0.033074
0 0.497982 0.785019 0.967407 0.034047
0 0.497982 0.819942 0.967407 0.030545
0 0.497982 0.855350 0.967407 0.032879
0 0.497982 0.890613 0.967407 0.032198
0 0.497982 0.962257 0.967407 0.034241
0 0.497982 0.034484 0.967407 0.032782
