0 0.501901 0.063923 0.957579 0.020615
0 0.501901 0.121608 0.957579 0.022938
0 0.501901 0.149554 0.957579 0.021662
0 0.501901 0.205038 0.957579 0.023308
0 0.501901 0.234785 0.957579 0.021354
0 0.501901 0.290808 0.957579 0.021769
0 0.501901 0.320231 0.957579 0.022923
0 0.501901 0.374654 0.957579 0.023000
0 0.501901 0.404215 0.957579 0.020338
0 0.501901 0.461000 0.957579 0.025231
0 0.501901 0.542900 0.957579 0.020415
0 0.501901 0.572419 0.957579 0.021777
0 0.501901 0.600546 0.957579 0.021215
0 0.501901 0.629792 0.957579 0.023800
0 0.501901 0.655469 0.957579 0.020138
0 0.501901 0.684231 0.957579 0.021692
0 0.501901 0.712188 0.957579 0.020700
0 0.501901 0.741492 0.957579 0.021323
0 0.501901 0.768965 0.957579 0.020069
0 0.501901 0.797796 0.957579 0.021023
0 0.501901 0.826300 0.957579 0.019554
0 0.501901 0.853673 0.957579 0.020808
0 0.501901 0.881388 0.957579 0.019685
0 0.501901 0.909692 0.957579 0.021231
0 0.501901 0.967085 0.957579 0.026138
0 0.501901 0.040192 0.957579 0.027154
