0 0.499774 0.065283 0.959990 0.027498
0 0.499774 0.120102 0.959990 0.031078
0 0.499774 0.208537 0.959990 0.030606
0 0.499774 0.148387 0.959990 0.033202
0 0.499774 0.235208 0.959990 0.032022
0 0.499774 0.296381 0.959990 0.030212
0 0.499774 0.321951 0.959990 0.032258
0 0.499774 0.472451 0.959990 0.021424
0 0.499774 0.494965 0.959990 0.033045
0 0.499774 0.522266 0.959990 0.032730
0 0.499774 0.379744 0.959990 0.031400
0 0.499774 0.552282 0.959990 0.033124
0 0.499774 0.580921 0.959990 0.031078
0 0.499774 0.609874 0.959990 0.032337
0 0.499774 0.638985 0.959990 0.032179
0 0.499774 0.667703 0.959990 0.032337
0 0.499774 0.696892 0.959990 0.033281
0 0.499774 0.725964 0.959990 0.030685
0 0.499774 0.755035 0.959990 0.031865
0 0.499774 0.784500 0.959990 0.031314
0 0.499774 0.812982 0.959990 0.032258
0 0.499774 0.840441 0.959990 0.031314
0 0.499774 0.869158 0.959990 0.032101
0 0.499774 0.897954 0.959990 0.032101
0 0.499774 0.955232 0.959990 0.032730
0 0.499774 0.028914 0.959990 0.026672
