0 0.499478 0.075381 0.964048 0.025670
0 0.499478 0.110036 0.964048 0.029144
0 0.499478 0.183454 0.964048 0.029794
0 0.499478 0.147067 0.964048 0.029577
0 0.499478 0.255412 0.964048 0.030206
0 0.499478 0.328402 0.964048 0.032062
0 0.499478 0.438505 0.964048 0.025258
0 0.499478 0.473093 0.964048 0.029897
0 0.499478 0.509021 0.964048 0.030206
0 0.499478 0.545464 0.964048 0.029072
0 0.499478 0.581907 0.964048 0.029175
0 0.499478 0.618299 0.964048 0.028144
0 0.499478 0.654794 0.964048 0.029588
0 0.499478 0.691907 0.964048 0.030619
0 0.499478 0.726340 0.964048 0.029175
0 0.499478 0.800103 0.964048 0.029897
0 0.499478 0.763196 0.964048 0.029691
0 0.499478 0.836237 0.964048 0.031031
0 0.499478 0.219443 0.964048 0.028536
0 0.499478 0.872938 0.964048 0.030412
0 0.499478 0.946062 0.964048 0.030268
0 0.499478 0.040103 0.964048 0.034227
