0 0.498290 0.072620 0.959197 0.022649
0 0.498290 0.104271 0.959197 0.027927
0 0.498290 0.171929 0.959197 0.028119
0 0.498290 0.137860 0.959197 0.028695
0 0.498290 0.377145 0.959197 0.024251
0 0.498290 0.206718 0.959197 0.028791
0 0.498290 0.273752 0.959197 0.029079
0 0.498290 0.510125 0.959197 0.028695
0 0.498290 0.442706 0.959197 0.028599
0 0.498290 0.611852 0.959197 0.028311
0 0.498290 0.409549 0.959197 0.029079
0 0.498290 0.476296 0.959197 0.028407
0 0.498290 0.544098 0.959197 0.028119
0 0.498290 0.748321 0.959197 0.029655
0 0.498290 0.578311 0.959197 0.028023
0 0.498290 0.645086 0.959197 0.029367
0 0.498290 0.680422 0.959197 0.030710
0 0.498290 0.713388 0.959197 0.026967
0 0.498290 0.782198 0.959197 0.029079
0 0.498290 0.816603 0.959197 0.030134
0 0.498290 0.851152 0.959197 0.029367
0 0.498290 0.952927 0.959197 0.030614
0 0.498290 0.884357 0.959197 0.029750
0 0.498290 0.036977 0.959197 0.027965
