0 0.244487 0.066513 0.446862 0.028698
0 0.375428 0.130603 0.670365 0.030517
0 0.503654 0.163905 0.861161 0.032017
0 0.304805 0.225159 0.528428 0.028819
0 0.502177 0.259681 0.861712 0.033741
0 0.526727 0.323621 0.813714 0.036379
0 0.060485 0.410491 0.086236 0.023397
0 0.499825 0.447091 0.862112 0.032198
0 0.500375 0.478595 0.862412 0.030569
0 0.500050 0.508784 0.862763 0.029845
0 0.500000 0.540069 0.862663 0.030552
0 0.500250 0.570862 0.861762 0.031379
0 0.499199 0.602767 0.863864 0.032741
0 0.498649 0.634750 0.864464 0.031534
0 0.498223 0.665841 0.864314 0.033147
0 0.498298 0.696991 0.864064 0.031362
0 0.498473 0.729560 0.864214 0.031741
0 0.497873 0.762220 0.864014 0.032974
0 0.498323 0.792802 0.862813 0.032328
0 0.497923 0.824828 0.863313 0.032241
0 0.497723 0.857043 0.864114 0.032466
0 0.497573 0.889315 0.864214 0.033267
0 0.520896 0.953289 0.816667 0.033940
0 0.500951 0.041724 0.959860 0.031207
