0 0.500892 0.104574 0.967509 0.039897
0 0.500892 0.170558 0.967509 0.051542
0 0.500892 0.227724 0.967509 0.052628
0 0.500892 0.288091 0.967509 0.053774
0 0.500892 0.462878 0.967509 0.054860
0 0.500892 0.345646 0.967509 0.052907
0 0.500892 0.403789 0.967509 0.053510
0 0.500892 0.696689 0.967509 0.057724
0 0.500892 0.520316 0.967509 0.052173
0 0.500892 0.810683 0.967509 0.052056
0 0.500892 0.576233 0.967509 0.054875
0 0.500892 0.637100 0.967509 0.051498
0 0.500892 0.751623 0.967509 0.052408
0 0.500892 0.932482 0.967509 0.055742
0 0.500892 0.055360 0.967509 0.053451
