0 0.501957 0.108069 0.972510 0.039418
0 0.501957 0.159788 0.972510 0.044444
0 0.501957 0.270635 0.972510 0.045503
0 0.501957 0.216667 0.972510 0.044709
0 0.501957 0.326257 0.972510 0.045106
0 0.501957 0.382606 0.972510 0.044841
0 0.501957 0.438889 0.972510 0.044180
0 0.501957 0.494048 0.972510 0.042857
0 0.501957 0.549206 0.972510 0.043915
0 0.501957 0.603902 0.972510 0.042989
0 0.501957 0.657275 0.972510 0.047090
0 0.501957 0.712500 0.972510 0.041402
0 0.501957 0.766336 0.972510 0.045370
0 0.501957 0.821164 0.972510 0.043651
0 0.501957 0.932487 0.972510 0.045238
0 0.501957 0.054431 0.972510 0.050397
