0 0.498073 0.077142 0.959710 0.033838
0 0.498073 0.141636 0.959710 0.031227
0 0.498073 0.481087 0.959710 0.037268
0 0.498073 0.172770 0.959710 0.037361
0 0.498073 0.274117 0.959710 0.038941
0 0.498073 0.244006 0.959710 0.032435
0 0.498073 0.454010 0.959710 0.024006
0 0.498073 0.548792 0.959710 0.038104
0 0.498073 0.515381 0.959710 0.036524
0 0.498073 0.617240 0.959710 0.036152
0 0.498073 0.343913 0.959710 0.037639
0 0.498073 0.583225 0.959710 0.037825
0 0.498073 0.651394 0.959710 0.036803
0 0.498073 0.683597 0.959710 0.037454
0 0.498073 0.718587 0.959710 0.037546
0 0.498073 0.752742 0.959710 0.038755
0 0.498073 0.786571 0.959710 0.037082
0 0.498073 0.819981 0.959710 0.039033
0 0.498073 0.854368 0.959710 0.036803
0 0.498073 0.888587 0.959710 0.036840
0 0.498073 0.957328 0.959710 0.037147
0 0.498073 0.038941 0.959710 0.032156
