0 0.502840 0.098833 0.957579 0.027004
0 0.502840 0.176652 0.957579 0.033260
0 0.502840 0.217401 0.957579 0.030617
0 0.502840 0.298678 0.957579 0.032379
0 0.502840 0.419009 0.957579 0.030573
0 0.502840 0.459774 0.957579 0.032764
0 0.502840 0.499670 0.957579 0.033260
0 0.502840 0.541630 0.957579 0.031057
0 0.502840 0.582236 0.957579 0.033194
0 0.502840 0.624174 0.957579 0.035132
0 0.502840 0.663249 0.957579 0.033106
0 0.502840 0.704626 0.957579 0.031057
0 0.502840 0.747164 0.957579 0.033205
0 0.502840 0.784912 0.957579 0.031498
0 0.502840 0.825253 0.957579 0.032225
0 0.502840 0.864427 0.957579 0.031057
0 0.502840 0.946900 0.957579 0.033293
0 0.502840 0.057544 0.957579 0.038877
