0 0.500818 0.062819 0.960288 0.022233
0 0.500818 0.094700 0.960288 0.023458
0 0.500818 0.155891 0.960288 0.024796
0 0.500818 0.125321 0.960288 0.022858
0 0.500818 0.186820 0.960288 0.025665
0 0.500818 0.217246 0.960288 0.024761
0 0.500818 0.247111 0.960288 0.022372
0 0.500818 0.370895 0.960288 0.027976
0 0.500818 0.460443 0.960288 0.021946
0 0.500818 0.523245 0.960288 0.023884
0 0.500818 0.279713 0.960288 0.025977
0 0.500818 0.309596 0.960288 0.024596
0 0.500818 0.492937 0.960288 0.024031
0 0.500818 0.553050 0.960288 0.025613
0 0.500818 0.584427 0.960288 0.021364
0 0.500818 0.615956 0.960288 0.022997
0 0.500818 0.646638 0.960288 0.024709
0 0.500818 0.678849 0.960288 0.024926
0 0.500818 0.707546 0.960288 0.023310
0 0.500818 0.738766 0.960288 0.023597
0 0.500818 0.769483 0.960288 0.023328
0 0.500818 0.799944 0.960288 0.023571
0 0.500818 0.830999 0.960288 0.023840
0 0.500818 0.862089 0.960288 0.024909
0 0.500818 0.892133 0.960288 0.021364
0 0.500818 0.954818 0.960288 0.025552
0 0.500818 0.035274 0.960288 0.027454
