0 0.480830 0.072200 0.916897 0.018849
0 0.480830 0.093375 0.916650 0.030442
0 0.480830 0.121412 0.916255 0.031940
0 0.480830 0.149645 0.916304 0.032256
0 0.480830 0.177011 0.915711 0.031625
0 0.480830 0.205560 0.915761 0.031625
0 0.480830 0.233557 0.915662 0.031782
0 0.480830 0.261632 0.915810 0.030678
0 0.480830 0.289708 0.915168 0.031625
0 0.480830 0.345150 0.914723 0.031309
0 0.480830 0.435607 0.916354 0.019637
0 0.480830 0.457768 0.916897 0.031309
0 0.480830 0.485962 0.916897 0.031388
0 0.480830 0.513249 0.916897 0.031230
0 0.480830 0.541443 0.916897 0.030994
0 0.480830 0.569203 0.916897 0.030678
0 0.480830 0.597634 0.916897 0.029811
0 0.480830 0.626278 0.916897 0.031735
0 0.480830 0.653983 0.916897 0.029416
0 0.480830 0.681585 0.916897 0.031151
0 0.480830 0.710134 0.916897 0.030521
0 0.480830 0.737145 0.916897 0.031388
0 0.480830 0.765773 0.916897 0.030284
0 0.480830 0.794401 0.916897 0.031703
0 0.480830 0.821885 0.916897 0.030678
0 0.480830 0.850039 0.916897 0.030363
0 0.480830 0.878904 0.916897 0.030836
0 0.480830 0.906349 0.916897 0.030678
0 0.480830 0.961550 0.916897 0.032563
0 0.480830 0.036104 0.916897 0.027634
