0 0.500676 0.064136 0.960841 0.035354
0 0.500676 0.126511 0.960841 0.029534
0 0.500676 0.156088 0.960841 0.032729
0 0.500676 0.219646 0.569905 0.035147
0 0.500676 0.251641 0.960841 0.032988
0 0.500676 0.315889 0.960841 0.033679
0 0.500676 0.414866 0.960841 0.024896
0 0.500676 0.443005 0.960841 0.033506
0 0.500676 0.474568 0.960841 0.032383
0 0.500676 0.505268 0.960841 0.030052
0 0.500676 0.536054 0.960841 0.032038
0 0.500676 0.568005 0.960841 0.032902
0 0.500676 0.600259 0.960841 0.032124
0 0.500676 0.631218 0.960841 0.031865
0 0.500676 0.662263 0.960841 0.032988
0 0.500676 0.694430 0.960841 0.032383
0 0.500676 0.726900 0.960841 0.032211
0 0.500676 0.758420 0.960841 0.032383
0 0.500676 0.790371 0.960841 0.032902
0 0.500676 0.823359 0.960841 0.032038
0 0.500676 0.854318 0.960841 0.033161
0 0.500676 0.886097 0.960841 0.031952
0 0.500676 0.949957 0.960841 0.033247
0 0.500676 0.026934 0.960841 0.031261
