0 0.239478 0.077585 0.446007 0.028675
0 0.351356 0.134491 0.667554 0.031179
0 0.474711 0.162318 0.914164 0.033845
0 0.357308 0.221543 0.636364 0.030808
0 0.501331 0.250242 0.863335 0.033764
0 0.317403 0.311389 0.558463 0.031502
0 0.501281 0.338772 0.863938 0.034249
0 0.342315 0.401535 0.607082 0.030695
0 0.500879 0.429281 0.864139 0.033037
0 0.524535 0.488893 0.816826 0.034168
0 0.058513 0.581341 0.084982 0.022132
0 0.500527 0.606502 0.867554 0.036107
0 0.499824 0.635784 0.866248 0.033118
0 0.500552 0.664863 0.867202 0.032472
0 0.501055 0.694669 0.866901 0.033764
0 0.501632 0.724111 0.867052 0.034168
0 0.501808 0.753716 0.866198 0.034249
0 0.501105 0.783481 0.868508 0.035299
0 0.500879 0.813489 0.868257 0.033764
0 0.500151 0.842932 0.867303 0.034814
0 0.500326 0.873263 0.869161 0.034572
0 0.500879 0.903069 0.867654 0.032956
0 0.500527 0.932351 0.866349 0.031422
0 0.501030 0.963489 0.867454 0.034572
0 0.497865 0.042044 0.962682 0.032068
