0 0.501477 0.079605 0.953824 0.027257
0 0.501477 0.151251 0.953824 0.031031
0 0.501477 0.368819 0.953824 0.031532
0 0.501477 0.185335 0.953824 0.028929
0 0.501477 0.293644 0.953824 0.030931
0 0.501477 0.257958 0.953824 0.031431
0 0.501477 0.516116 0.953824 0.032232
0 0.501477 0.625576 0.953824 0.032332
0 0.501477 0.551752 0.953824 0.031632
0 0.501477 0.663363 0.953824 0.031231
0 0.501477 0.479354 0.953824 0.026697
0 0.501477 0.588589 0.953824 0.032032
0 0.501477 0.699650 0.953824 0.031331
0 0.501477 0.736236 0.953824 0.032432
0 0.501477 0.771822 0.953824 0.030130
0 0.501477 0.808458 0.953824 0.031532
0 0.501477 0.844244 0.953824 0.030831
0 0.501477 0.879730 0.953824 0.030531
0 0.501477 0.954024 0.953824 0.035375
0 0.501477 0.040511 0.953824 0.031932
