0 0.505881 0.068345 0.962813 0.022970
0 0.505881 0.096583 0.962813 0.026977
0 0.505881 0.159991 0.962813 0.028390
0 0.505881 0.128426 0.962813 0.026261
0 0.505881 0.191995 0.962813 0.026744
0 0.505881 0.223591 0.962813 0.028399
0 0.505881 0.255098 0.962813 0.027370
0 0.505881 0.477728 0.962813 0.026655
0 0.505881 0.448032 0.962813 0.022862
0 0.505881 0.572182 0.962813 0.027549
0 0.505881 0.287209 0.962813 0.028265
0 0.505881 0.349687 0.962813 0.028175
0 0.505881 0.509615 0.962813 0.028175
0 0.505881 0.698909 0.962813 0.028766
0 0.505881 0.540930 0.962813 0.027657
0 0.505881 0.603462 0.962813 0.026601
0 0.505881 0.635680 0.962813 0.026995
0 0.505881 0.667603 0.962813 0.027156
0 0.505881 0.764025 0.962813 0.027692
0 0.505881 0.825886 0.962813 0.028694
0 0.505881 0.731284 0.962813 0.029651
0 0.505881 0.890282 0.962813 0.029043
0 0.505881 0.858189 0.962813 0.028363
0 0.505881 0.951910 0.962813 0.027970
0 0.505881 0.794544 0.962813 0.028086
0 0.505881 0.035823 0.962813 0.029249
