0 0.499350 0.078330 0.968257 0.027174
0 0.499350 0.127831 0.968257 0.034151
0 0.499350 0.173012 0.968257 0.031413
0 0.499350 0.219518 0.968257 0.032596
0 0.499350 0.356939 0.968257 0.033330
0 0.499350 0.266386 0.968257 0.036561
0 0.499350 0.311407 0.968257 0.032388
0 0.499350 0.538275 0.968257 0.033198
0 0.499350 0.402377 0.968257 0.032486
0 0.499350 0.628499 0.968257 0.033034
0 0.499350 0.449748 0.968257 0.036758
0 0.499350 0.492645 0.968257 0.033111
0 0.499350 0.583959 0.968257 0.033176
0 0.499350 0.673373 0.968257 0.032223
0 0.499350 0.723204 0.968257 0.038587
0 0.499350 0.765148 0.968257 0.031588
0 0.499350 0.811128 0.968257 0.034195
0 0.499350 0.857831 0.968257 0.031325
0 0.499350 0.951314 0.968257 0.038445
0 0.499350 0.038773 0.968257 0.036145
