0 0.242186 0.078878 0.448961 0.029716
0 0.353690 0.135741 0.629869 0.029506
0 0.502385 0.164060 0.864307 0.034927
0 0.323293 0.226746 0.568474 0.028857
0 0.502259 0.254335 0.863755 0.034117
0 0.363404 0.315243 0.647791 0.031297
0 0.503363 0.343679 0.862952 0.034198
0 0.323594 0.404729 0.568976 0.027771
0 0.503163 0.430754 0.864056 0.033955
0 0.378715 0.491207 0.679618 0.031199
0 0.503062 0.519206 0.863655 0.034036
0 0.527560 0.579190 0.815361 0.033420
0 0.060743 0.676329 0.082932 0.020729
0 0.501983 0.699959 0.864910 0.034117
0 0.504016 0.730186 0.864458 0.033793
0 0.503112 0.760211 0.864056 0.034360
0 0.503690 0.788938 0.865412 0.032496
0 0.503665 0.819246 0.865161 0.033306
0 0.503790 0.848906 0.865512 0.033793
0 0.504367 0.876945 0.865361 0.033144
0 0.503263 0.907480 0.865462 0.034408
0 0.502686 0.937318 0.866114 0.034927
0 0.502485 0.966532 0.866416 0.034036
0 0.499548 0.041856 0.963554 0.030875
