0 0.499826 0.088499 0.963759 0.028186
0 0.499826 0.115335 0.963759 0.046652
0 0.499826 0.228726 0.963759 0.049460
0 0.499826 0.152106 0.963759 0.051296
0 0.499826 0.419924 0.963759 0.049784
0 0.499826 0.355772 0.963759 0.031199
0 0.499826 0.382343 0.963759 0.050648
0 0.499826 0.571868 0.963759 0.050216
0 0.499826 0.457883 0.963759 0.050324
0 0.499826 0.686933 0.963759 0.050540
0 0.499826 0.494978 0.963759 0.052808
0 0.499826 0.534233 0.963759 0.050972
0 0.499826 0.609125 0.963759 0.050864
0 0.499826 0.801512 0.963759 0.050324
0 0.499826 0.648542 0.963759 0.050432
0 0.499826 0.725108 0.963759 0.050216
0 0.499826 0.762743 0.963759 0.049892
0 0.499826 0.838985 0.963759 0.053348
0 0.499826 0.877322 0.963759 0.051188
0 0.499826 0.953083 0.963759 0.051307
0 0.499826 0.034174 0.963759 0.042451
