0 0.499649 0.076573 0.962086 0.028617
0 0.499649 0.148998 0.962086 0.028457
0 0.499649 0.556814 0.962086 0.030461
0 0.499649 0.189765 0.962086 0.035301
0 0.499649 0.298472 0.962086 0.033517
0 0.499649 0.257660 0.962086 0.026563
0 0.499649 0.480160 0.962086 0.027054
0 0.499649 0.630902 0.962086 0.032385
0 0.499649 0.520887 0.962086 0.030170
0 0.499649 0.702184 0.962086 0.031904
0 0.499649 0.374143 0.962086 0.033878
0 0.499649 0.593697 0.962086 0.032645
0 0.499649 0.666618 0.962086 0.032295
0 0.499649 0.738617 0.962086 0.031784
0 0.499649 0.777059 0.962086 0.033457
0 0.499649 0.812745 0.962086 0.029018
0 0.499649 0.849604 0.962086 0.028848
0 0.499649 0.886979 0.962086 0.034860
0 0.499649 0.961894 0.962086 0.035531
0 0.499649 0.045992 0.962086 0.031663
