0 0.501064 0.097601 0.963373 0.026120
0 0.501064 0.166486 0.963373 0.034057
0 0.501064 0.201382 0.963373 0.033366
0 0.501064 0.272014 0.963373 0.032873
0 0.501064 0.308983 0.963373 0.034353
0 0.501064 0.380503 0.963373 0.034057
0 0.501064 0.493875 0.963373 0.025459
0 0.501064 0.526505 0.963373 0.033860
0 0.501064 0.562290 0.963373 0.032774
0 0.501064 0.600049 0.963373 0.034452
0 0.501064 0.636130 0.963373 0.032971
0 0.501064 0.671619 0.963373 0.035044
0 0.501064 0.708095 0.963373 0.033959
0 0.501064 0.743781 0.963373 0.033662
0 0.501064 0.778875 0.963373 0.033564
0 0.501064 0.814363 0.963373 0.030701
0 0.501064 0.850296 0.963373 0.033070
0 0.501064 0.886525 0.963373 0.035242
0 0.501064 0.958687 0.963373 0.034452
0 0.501064 0.057093 0.963373 0.035864
