0 0.500200 0.070951 0.959400 0.025393
0 0.500200 0.127280 0.959400 0.027516
0 0.500200 0.155307 0.959400 0.028223
0 0.500200 0.212657 0.959400 0.025629
0 0.500200 0.240487 0.959400 0.028774
0 0.500200 0.297248 0.959400 0.028931
0 0.500200 0.327032 0.959400 0.029379
0 0.500200 0.385888 0.959400 0.026336
0 0.500200 0.413050 0.959400 0.027987
0 0.500200 0.471541 0.959400 0.028931
0 0.500200 0.562213 0.959400 0.021753
0 0.500200 0.588168 0.959400 0.030267
0 0.500200 0.616627 0.959400 0.029953
0 0.500200 0.645480 0.959400 0.028381
0 0.500200 0.674214 0.959400 0.029403
0 0.500200 0.702634 0.959400 0.028066
0 0.500200 0.730267 0.959400 0.029245
0 0.500200 0.759788 0.959400 0.029167
0 0.500200 0.787461 0.959400 0.028538
0 0.500200 0.817020 0.959400 0.030739
0 0.500200 0.845086 0.959400 0.029481
0 0.500200 0.874214 0.959400 0.030346
0 0.500200 0.902948 0.959400 0.029481
0 0.500200 0.960845 0.959400 0.030181
0 0.500200 0.038050 0.959400 0.028459
