0 0.494658 0.114282 0.975761 0.044295
0 0.494658 0.180918 0.975761 0.054894
0 0.494658 0.305524 0.975761 0.051623
0 0.494658 0.246167 0.975761 0.059476
0 0.494658 0.367372 0.975761 0.054519
0 0.494658 0.428589 0.975761 0.055680
0 0.494658 0.491111 0.975761 0.053733
0 0.494658 0.556785 0.975761 0.058464
0 0.494658 0.621373 0.975761 0.059126
0 0.494658 0.682784 0.975761 0.050662
0 0.494658 0.744051 0.975761 0.054469
0 0.494658 0.805668 0.975761 0.053583
0 0.494658 0.933246 0.975761 0.057603
0 0.494658 0.060281 0.975761 0.054719
