0 0.496475 0.116643 0.971279 0.042238
0 0.496475 0.169860 0.971279 0.051888
0 0.496475 0.341888 0.971279 0.055804
0 0.496475 0.227972 0.971279 0.052308
0 0.496475 0.458741 0.971279 0.050909
0 0.496475 0.286573 0.971279 0.047832
0 0.496475 0.401189 0.971279 0.052168
0 0.496475 0.691818 0.971279 0.049371
0 0.496475 0.517762 0.971279 0.054545
0 0.496475 0.810000 0.971279 0.049650
0 0.496475 0.574406 0.971279 0.053427
0 0.496475 0.633916 0.971279 0.053007
0 0.496475 0.749930 0.971279 0.052028
0 0.496475 0.926573 0.971279 0.051469
0 0.496475 0.051259 0.971279 0.043497
