0 0.502301 0.055699 0.967884 0.020944
0 0.502301 0.090524 0.967884 0.027343
0 0.502301 0.123466 0.967884 0.031040
0 0.502301 0.155450 0.967884 0.031407
0 0.502301 0.249506 0.967884 0.029834
0 0.502301 0.185721 0.967884 0.028033
0 0.502301 0.217032 0.967884 0.027649
0 0.502301 0.475765 0.967884 0.029414
0 0.502301 0.282316 0.967884 0.029423
0 0.502301 0.539344 0.967884 0.029003
0 0.502301 0.348291 0.967884 0.032963
0 0.502301 0.438868 0.967884 0.022614
0 0.502301 0.508029 0.967884 0.029572
0 0.502301 0.570498 0.967884 0.030332
0 0.502301 0.602356 0.967884 0.028855
0 0.502301 0.634559 0.967884 0.029309
0 0.502301 0.665760 0.967884 0.030367
0 0.502301 0.699712 0.967884 0.033444
0 0.502301 0.732089 0.967884 0.034073
0 0.502301 0.762255 0.967884 0.030734
0 0.502301 0.794742 0.967884 0.029921
0 0.502301 0.826543 0.967884 0.029781
0 0.502301 0.858628 0.967884 0.030822
0 0.502301 0.891246 0.967884 0.029572
0 0.502301 0.956748 0.967884 0.034056
0 0.502301 0.032517 0.967884 0.029720
