0 0.494892 0.095670 0.970005 0.026827
0 0.494892 0.125487 0.970005 0.044788
0 0.494892 0.247480 0.970005 0.047537
0 0.494892 0.166838 0.970005 0.047079
0 0.494892 0.379782 0.970005 0.028522
0 0.494892 0.409336 0.970005 0.049141
0 0.494892 0.448855 0.970005 0.048454
0 0.494892 0.610613 0.970005 0.048030
0 0.494892 0.529439 0.970005 0.048110
0 0.494892 0.732073 0.970005 0.049026
0 0.494892 0.489977 0.970005 0.048225
0 0.494892 0.570218 0.970005 0.048797
0 0.494892 0.652291 0.970005 0.048454
0 0.494892 0.933333 0.970005 0.046506
0 0.494892 0.692211 0.970005 0.048568
0 0.494892 0.773139 0.970005 0.048225
0 0.494892 0.813076 0.970005 0.050664
0 0.494892 0.853780 0.970005 0.048225
0 0.494892 0.043643 0.970005 0.039863
