0 0.477216 0.065925 0.962605 0.024844
0 0.477216 0.108347 0.962605 0.036320
0 0.477216 0.145151 0.962605 0.035894
0 0.477216 0.183903 0.962605 0.036767
0 0.477216 0.219038 0.962605 0.034064
0 0.477216 0.256351 0.962605 0.034491
0 0.477216 0.293981 0.962605 0.036154
0 0.477216 0.330052 0.962605 0.033867
0 0.477216 0.367448 0.962605 0.035374
0 0.477216 0.404574 0.962605 0.035343
0 0.477216 0.441294 0.962605 0.035915
0 0.477216 0.515374 0.962605 0.036611
0 0.477216 0.620395 0.962605 0.025967
0 0.477216 0.661668 0.962605 0.032588
0 0.477216 0.698628 0.962605 0.034137
0 0.477216 0.735572 0.962605 0.031975
0 0.477216 0.772240 0.862407 0.032859
0 0.477216 0.809340 0.962605 0.032256
0 0.477216 0.883716 0.962605 0.033815
0 0.477216 0.042942 0.962605 0.036424
