0 0.501465 0.100638 0.968586 0.043271
0 0.501465 0.181613 0.968586 0.047216
0 0.501465 0.565081 0.968586 0.046636
0 0.501465 0.223666 0.968586 0.046636
0 0.501465 0.443608 0.968586 0.033619
0 0.501465 0.309049 0.968586 0.045940
0 0.501465 0.522738 0.968586 0.043155
0 0.501465 0.651334 0.968586 0.043968
0 0.501465 0.609165 0.968586 0.045244
0 0.501465 0.777958 0.968586 0.043155
0 0.501465 0.481613 0.968586 0.044432
0 0.501465 0.694084 0.968586 0.043852
0 0.501465 0.735557 0.968586 0.045128
0 0.501465 0.820534 0.968586 0.044548
0 0.501465 0.863109 0.968586 0.044780
0 0.501465 0.947506 0.968586 0.043968
0 0.501465 0.053248 0.968586 0.036659
