0 0.501715 0.070236 0.965893 0.024186
0 0.501715 0.127581 0.965893 0.027964
0 0.501715 0.156963 0.965893 0.028257
0 0.501715 0.218160 0.965893 0.025081
0 0.501715 0.246213 0.965893 0.027769
0 0.501715 0.305985 0.965893 0.028909
0 0.501715 0.335342 0.965893 0.031759
0 0.501715 0.395073 0.965893 0.026792
0 0.501715 0.424430 0.965893 0.029805
0 0.501715 0.484890 0.965893 0.029064
0 0.501715 0.578502 0.965893 0.022801
0 0.501715 0.606230 0.965893 0.029072
0 0.501715 0.635342 0.965893 0.028664
0 0.501715 0.664984 0.965893 0.029153
0 0.501715 0.694340 0.965893 0.027932
0 0.501715 0.723534 0.965893 0.027362
0 0.501715 0.753502 0.965893 0.028827
0 0.501715 0.783392 0.965893 0.028998
0 0.501715 0.813363 0.965893 0.029495
0 0.501715 0.842752 0.965893 0.028502
0 0.501715 0.871498 0.965893 0.029967
0 0.501715 0.901376 0.965893 0.030603
0 0.501715 0.961466 0.965893 0.029446
0 0.501715 0.035953 0.965893 0.027932
